9	8	7	r.2	g.140	b.65
0	0	0	0	0	0	0	0	0	
0	0	0	0	0	0	0	0	0	
0	0	0	0	0	0	0	0	0	
0	0	0	0	0	0	0	0	0	
0	0	0	0	0	0	0	0	0	
0	0	0	0	0	0	0	0	0	
0	0	0	0	0	0	0	0	0	
0	0	0	0	0	0	0	0	0	
0	0	0	0	0	0	0	0	0	
0	5.t:1	0	0	0	0	0	0	0	
0	5.t:2	1	1	1	1	0	0	0	
0	5.t:3	1	1	1	1	0	0	0	
0	5.t:4	1	1	1	1	0	0	0	
0	0	1	1	1	1	0	0	0	
0	0	1	1	1	1	0	0	0	
0	0	0	0	0	0	0	0	0	
0	0	0	0	0	0	0	0	0	
0	0	1	1	1	0	0	0	0	
0	0	0	0	0	0	0	0	0	
0	0	0	0	0	0	0	0	0	
0	0	0	0	0	0	0	0	0	
0	0	0	0	0	0	0	0	0	
0	0	0	0	0	0	0	3.r:4	0	
0	0	0	0	0	0	0	0	0	
0	0	0	0	0	0	0	0	0	
0	0	8.e:0	0	0	0	0	0	0	
0	0	0	0	0	0	0	0	0	
0	0	0	0	0	0	0	0	0	
0	0	0	0	0	0	0	0	0	
0	0	0	0	0	0	0	0	0	
0	0	0	0	0	0	0	0	0	
0	0	0	0	0	0	0	0	0	
0	0	0	0	0	0	0	0	0	
0	0	1	0	0	0	0	0	0	
0	0	6.t:0.e:-2	1	1	5.t:0	6.t:-1.e:1	0	0	0	0
0	0	6.t:0.e:-1	1	1	4.t:1	5.t:0	6.t:-1.e:0	0	0	0
0	0	6.t:0.e:0	4.t:1	5.t:0	6.t:-1.e:-1	0	0	0	0	0
0	0	6.t:0.e:1	5.t:0	5.t:0	5.t:0	5.t:0	6.t:-1.e:-2	0	0	0	0
0	0	6.t:0.e:2	6.t:1.e:2	6.t:1.e:1	6.t:1.e:0	6.t:1.e:-1	6.t:1.e:-2	0	0	0
0	0	0		0	0	0	0	0	0	
0	0	0		0	0	0	0	0	0	
0	0	0		0	0	0	0	0	0	
0	0	0		3.r:4	3.r:4	0	0	0	0	
0	0	0		3.r:4	2	0	0	0	0	
0	0	0		0	0	0	0	0	0	
0	0	0		0	0	0	0	0	0	
0	0	0		0	0	0	0	0	0	
0	0	0		0	0	0	0	0	0	
0	0	0		0	0	0	0	0	0	
0	0	0		0	0	0	0	0	0	
0	0	0		0	0	0	0	0	0	
0	0	0	0	0	0	0	0	0	
0	0	0	0	0	0	0	0	0	
0	0	0	0	0	0	0	0	0	
0	0	0	0	0	0	0	0	0	
0	0	0	0	0	0	0	0	0	
